java -cp ../bin edu.jhu.nick.cs335.hw4.RunDecisionTree  congress gain
Trainging took 0.038565714 seconds
Test Set Evaluation:
	Statistics for class republican
		 Accuracy: 0.9310344827586207
		 Precision: 0.8648648648648649
		 Recall: 0.9696969696969697
	Statistics for class democrat
		 Accuracy: 0.9310344827586207
		 Precision: 0.98
		 Recall: 0.9074074074074074
Train Set Evaluation:
	Statistics for class republican
		 Accuracy: 0.9770114942528736
		 Precision: 0.9440559440559441
		 Recall: 1.0
	Statistics for class democrat
		 Accuracy: 0.9770114942528736
		 Precision: 1.0
		 Recall: 0.9624413145539906
